26749151
26387813
26677985
26715591
26101233
26389455
25865470
26752161
25837700
26740388
26727361
23011215
24839205
26803790
25769158
6952149
26336281
25919897
3286552
26170816
26660067
25976733
26295868
24869254
26366492
26101081
1307847
26785206
3197006
26387804
26200198
4848610
2150064
26421342
26431328
25941842
21485010
2153951
25735931
26419345
26717837
24859448
20470240
3269027
25719291
2393060
4018324
26368466
3022764
26030078
25918302
6778677
26373110
26578012
25782549
26384793
26326452
25851740
25884488
1462550
3326764
26306792
26684331
26765449
26366493
26436601
2154324
26628824
25884687
25769161
26258113
3285421
26597902
26385614
6781992
3986125
25884541
2153590
10461286
26301493
26583811
26637701
26258117
26142528
26297542
26289289
26426055
1865139
26290787
26340501
1428176
11599374
25884510
4707570
25770124
5681960
26291803
4321270
5320649
26386674
2150463
26306794
4113335
26108398
10756709
25964145
24695310
26279688
25926851
26385657
26355630
26342546
26290789
10744409
26302936
25919581
26358783
26339805
26384783
26385628
1417082
26629013
20434014
26382778
25912858
3295628
19971696
25987068
26301399
26326709
25885752
25772602
26704444
1394445
26302918
26302930
4203806
24860342
26385088
6359819
26302901
2133370
1950484
10740921
26338926
10781865
26383162
26660936
25810960
21320264
3054455
26326712
25966208
3888745
26290417
22992179
24858152
26384761
1498178
26659459
1829046
1797741
25742234
1941347
1438242
10577737
26298650
20411032
25926834
1782013
2270295
23693905
26352610
10748073
25971000
26384174
26337980
10787884
25915698
3078582
1304605
1470619
2059811
26385606
4152541
26356519
1395440
25832813
1297913
4300697
4047267
11516534
25955813
1418614
1777506
4106646
25741475
3291141
25933360
1474671
26384767
10480979
25884431
26363228
1845625
25885786
25851762
26302921
2131678
2136181
26235187
25870571
25881522
26235527
3581466
26087497
1830126
25885184
26333194
3533153
25944809
4097348
25966206
26426149
20277977
26775982
25886394
1920763
21332522
20391434
26337367
19965491
26385610
6003088
10756222
25983865
5975326
1302190
20451283
4149192
23023610
25977899
26384757
19971631
11232690
1781597
5284641
4890974
4890997
26297741
10788850
24869253
4120658
25923092
26379140
21963179
25822687
25859059
1826764
26384948
6874356
1902703
25761214
24695308
5332694
2143699
4074092
1438145
1807994
25885402
3231876
4736542
3620418
10535502
25834551
4246575
1806776
23628834
10573811
26421082
19961347
25947054
26384781
6718456
19961360
10428490
5966527
1830130
4826176
1428366
11531758
25862254
6742626
6428128
25977905
25745577
25825266
1301411
25843289
3058386
1738970
1449595
3882818
25886392
10733868
19972627
6521838
26051578
1938109
5347185
3750736
4203891
10727277
6295539
11498665
5977855
11504572
25822683
24530468
1421103
4043826
6796123
25889156
3503496
1418749
2131949
3671960
25889448
3711642
25731979
25966386
25800871
4714405
1308679
25798429
1766532
4944041
2301423
11612522
21268274
1484988
3676923
1962810
2350766
10521896
5284634
1394529
1856868
25884512
24295478
4837832
1920144
25980514
3668287
24744570
6886967
3754415
1419665
25943441
6810265
1923279
3422157
1897863
4053797
4708424
11603898
1307301
5294705
24530442
24700888
5940705
1889536
4178993
19976111
3242239
6803181
10567034
6731223
25725233
22622846
11637980
25735769
3214663
2049498
4858836
22790261
5295022
11637976
2078967
4053822
1915135
6810101
6874205
3922050
3827558
3026629
10733227
2333658
4841325
6123918
2268831
1862346
3025749
20505365
25846035
6742633
20495564
25977202
25822290
1418748
3928505
4731051
21963329
26196140
6514715
4317606
25715367
1857872
5326545
24737173
1902777
3741771
4290389
3074043
20515883
1897851
5360250
6068593
1421105
3236081
3627065
6900036
4739954
4837025
25966207
1795462
10539875
1926706
17658236
25885187
4317628
10512090
3041903
25964244
4290547
1949034
24844328
2131787
3200292
25739283
19970092
24699914
4093474
3144963
2245152
4861401
6426606
1845562
1459021
25797331
26307362
22490904
10742853
2156533
25885415
1438926
1960246
1949528
10520453
3448183
1894863
10738566
3249614
5289073
1845560
4290137
1797744
3441972
4321283
3793707
5359940
10458405
6058995
2150463
24745449
26709728
26682415
26174993
25823904
6120366
3123230
25986676
3610967
26682917
4050374
25931382
4933222
26473874
25875022
10430313
26728643
19963894
26739358
25894298
3892943
3078221
25750815
1439497
24882646
6749656
25873036
26330969
1302958
26318120
24714528
23708064
26308527
2190881
1476254
25969187
26736624
24530511
25941626
4896289
25884484
21334996
25732665
25853963
6511008
1793349
1441871
4241884
10562232
26725031
3989080
25834551
25814808
10546825
26003413
3055979
25872158
1806569
3820554
1433086
25837797
4915864
2035007
10829031
16468207
25986287
10750643
3036644
6860142
24873475
10597960
5401550
1438520
3256161
26659509
25928591
26829144
1307376
1945762
1999205
26416016
1460724
1485976
1957900
1939829
1900885
20513354
3010944
25755667
5973980
3812226
25924036
4194019
11620525
6717148
1476257
24722793
6129660
10462941
25996820
1925300
25904360
5977487
3266217
3236681
1484601
26605814
1469599
22993602
6870278
2213766
23774554
6126800
3010704
3591052
25933417
1476275
4245081
1877363
1754023
3232864
1762497
1440898
20374430
10515064
5273436
3822484
11534893
1578664
6437051
4314196
3309397
3780631
11620503
7056417
6818994
2084251
20285044
1826750
5279666
24713953
1308560
2161056
25759391
5345375
1986173
1949100
2331675
10465142
1778850
19958325
1756419
1680330
7055460
25718140
25967559
3139762
22520220
20469944
25839053
1761681
2349573
3564207
1461874
1947868
1441945
4250623
25862323
3995452
2124848
4418747
24843403
26079563
1401431
1401987
1401982
1401989
25835197
2248573
3006720
4300642
3069288
26282681
5378594
1471536
5301352
2374178
3801682
5199205
26352423
6537560
6874316
6874315
5151694
11540666
1923611
4816214
25798868
1417048
24713942
20276245
1484072
25756518
4821007
4236856
20266743
5385910
1917555
3114758
1304930
4819057
5154791
25815570
24522433
7161715
3177896
1856493
1484187
2045745
24887142
1439249
3023110
10577670
2111535
4082097
2313851
5990144
2268805
24735853
6540541
6519522
25955038
6390765
20381525
2995871
3414970
3212357
1755399
6284575
19951239
25823668
1507332
10741020
25812212
25708278
1467765
5951247
1756809
6946906
2334152
20399116
20453657
25662044
2056696
5966970
6874321
6119990
2133211
10545957
10741684
1865154
6874309
1947699
1917870
2159093
1897802
3067590
3688335
5941728
1767209
1968409
19941867
19944303
2297161
19960325
20020315
6816287
5365450
6061482
5155860
2150608
24374966
10800583
5967286
2059839
1308099
3200213
4242413
2268877
1756782
2975667
11535135
3620920
1484505
1892417
1440900
1434251
1800127
4213894
25739505
6804960
2360882
26715486
26367601
26297399
25932015
24700578
25792670
25994747
10561898
25698722
23775560
25792815
2216326
25851801
7055683
7051270
26596124
26334946
26781753
26700713
6558797
26393509
26633183
25811005
25773973
26282488
1764730
26788918
26682882
26742362
26700715
6968170
4967578
25767582
10740251
26125890
3992226
25802411
6393363
10744808
26334949
6013893
1482394
1418660
26574948
26720495
10788845
26642143
20278813
26282613
10439236
1477894
3254235
26333122
19964006
1790373
2024900
26438858
1782142
26646387
3055431
26322795
26410592
26857610
2160385
1856299
5416027
4160445
25809324
2030778
26582382
4812751
6827710
19969225
10465145
26425037
2300573
25847485
26732518
3528554
26352134
3226569
1786753
24530045
24883821
26644834
4022104
1761707
25876765
25984060
26577239
23023943
20429054
26257342
3619100
2032605
26603664
6815096
3892240
26284619
26633184
1761848
25785224
2215900
10767516
4913214
25907056
26335546
3293687
25803239
2156723
25702984
23116378
26337794
10553080
25761116
26647224
3737136
4287117
1763607
10751098
26429858
26656388
5446250
26582796
26742746
6110548
10757481
3017813
1756844
10355636
26325496
26265151
25945102
25824617
3763232
25921808
3003086
25792673
10355602
11604098
11523189
26384075
2275002
25792809
3324358
7564965
20431742
24753670
26274156
26279825
2062979
25866891
1827704
26592984
2371891
10441615
4739961
24296924
4324846
25841230
10558458
11226071
3406508
25790193
6539456
5913012
6123977
1790381
2118296
5981277
3303334
10553054
3137840
26724705
24527673
2363856
3033088
4826770
3711588
3818918
2995107
3264267
2053975
6874812
2282473
6536294
19971609
4303685
3218634
1895371
5279587
2364047
5413823
26363253
25817088
26754644
24298421
3023286
2912164
3092097
3804397
3176817
3993193
25975338
3874975
7055741
24902750
26630538
1790376
1790377
1790378
3008887
3008889
3670431
21359736
2342707
3018416
1786759
1786755
1947294
2079230
10465137
2972166
19971661
25723911
2373373
2162996
23949727
2275015
2279957
24882847
7053371
6534065
3094363
5337539
2279940
4047087
25926778
25926777
4901700
3120358
10590703
25809322
2297679
4827923
26527944
25834673
2055093
4082407
25994731
10756730
2377193
22897299
6013886
2276871
3174557
4223463
3071289
4262201
20280228
24706263
24857836
3284271
2279736
6810832
25868131
11610867
4207036
2040705
2330087
4316832
2044501
3332629
25839716
4812752
3649507
4841242
2365103
6393361
6393362
6959235
10744790
20501049
25934085
6062729
6782003
25884693
11604188
5937932
2051102
25774778
6974519
2071305
4074170
21346502
1777975
3783966
3074679
6861590
2153580
1786764
4258535
26325492
2254660
11499058
4942783
1786833
3240882
2241528
2989957
4160444
1914282
20280196
2156721
3055448
2343722
3087541
2171080
2343590
26687572
2300621
2246738
3110763
21334305
25748649
1872628
25858786
1790382
4281603
24855029
2078919
2078916
25835280
1478259
5350046
2330666
6123976
2279824
6808675
3092256
23116331
3037348
26752668
25798835
1762813
3103007
2274866
3087731
25876764
2268594
1790410
1790413
3965922
5359961
2298836
3055345
1478277
3087506
1892172
4728561
4728560
2216443
1787819
1787818
2300538
2276896
24527661
2155107
6799175
24859462
2277413
2044463
10606008
4005194
4082391
3264270
3434546
7061265
3098558
2373251
6080796
2294273
6396693
19944213
25824614
26309191
2378713
10833965
3118934
4728583
2303063
3598232
19944235
25716512
25716517
21618233
4249368
26325478
5296288
2372543
2271596
10428502
2253187
3874968
2165042
19966595
4291274
4742377
25865663
2148315
24621470
3023646
2227141
2993105
10559464
26700679
24736583
3236346
5366659
24883845
3133991
3559017
5355075
10355606
3926203
10767545
2055085
3114154
26334229
25785227
10537843
20388350
2027132
25899516
24699897
10508875
6080753
20497557
3025181
25830710
3027058
3818852
26663553
10518943
25709426
2380261
2147623
3123921
2055100
2052486
25984055
3057468
1478272
4009079
26220744
3142770
2995208
3071249
3264323
25711222
20501052
20452347
6863968
3078575
3062859
25953626
3206456
2264501
1485207
2072170
4287539
5908482
4230921
6094962
3004331
4217489
3605469
4812744
21826397
20416430
23997724
26814626
3991933
10581289
25897313
26826077
26271868
25884841
26588970
26689409
2031438
6402151
2281691
25760591
2150220
26665269
26266666
25960944
1438760
1986021
25940269
2018131
26546794
1436674
26798440
26387719
10756863
1997685
6989744
26683686
25953663
25862356
1465654
24321344
26725184
26801047
26602200
26663559
26698219
26781795
7065168
6796133
25933326
4303624
3011225
1915312
26433121
10553029
25804453
26788945
26712215
26314383
10777710
26588676
25975924
26788937
26801046
3602965
4917705
26667667
10748091
21339675
1903286
26273478
25900854
21328704
2160933
2173112
3268241
3003093
3692611
26791597
20426994
26667644
2270390
25831331
11612463
2131161
4944035
25780651
1959063
20379432
3892394
1451430
10521668
4851891
25890096
1441060
1959154
25958786
26675511
11614086
24700696
1438759
26724112
1482286
26339490
25842009
4881202
25823110
1480841
2074564
25881537
26649888
26738055
25704580
26590971
26277318
2049761
26373344
4862211
26322632
2142535
1465668
26351400
3184572
26612308
1465676
4845429
1465679
6389526
26303660
26766253
26798439
3130233
26258795
25738842
6793351
1464837
4022142
26328476
25858737
26665261
26587404
26600238
6829650
26808245
24748900
25834498
26306645
24876428
1905577
25962053
26739432
26789734
5153024
10827181
3259423
11636402
1465284
26670579
3014387
25861602
2377585
25828566
26580017
1796986
2173108
26720119
2148799
1462703
25843131
25843132
26377670
1981850
26588670
1436900
2147129
25777508
2018076
1760084
1759770
26711887
25874886
6808702
1759766
2147619
3730636
26663077
1465021
1471438
26269549
1440971
2147121
4132981
1998630
26756523
3259416
25818801
20366095
26771062
25724865
5964764
25895270
6539388
21353042
3737098
26241770
10796595
2121813
25830690
2276934
25962720
1441094
26339233
1465081
24719090
3065350
2040834
3011224
1465086
21356500
26726943
26317175
1479458
2033317
1464829
26781771
1460833
26258819
6430841
26806779
3092252
4030421
26652097
25892818
26741570
25767614
5308231
3197491
26784899
5941682
4067362
26611561
26585602
26274134
26667643
2129386
1853688
3196686
1937077
21618341
20280358
5313084
25811380
26813149
5279597
4293234
1484486
25747607
6788284
4061061
2295864
2408702
1440973
24706387
25884574
1465689
21372228
6436751
26041851
2264567
1780029
1755390
26329066
1461812
1480881
10453722
10748109
25876698
26575007
26282689
1464840
1465300
4728553
5968831
1900492
26285155
4044842
25820661
3111390
1466387
1984851
1966951
26754515
3035722
20423034
4861542
2270554
4851904
26735273
1465687
25958426
1951141
26683684
26268692
25696972
2032902
4067541
25958427
6968114
4764312
26611009
10508896
1432676
25725758
26683683
1440974
26725185
24839092
2030892
26169782
3728516
26715380
6724901
2262092
25980211
6724680
1806472
26041853
24752302
6971278
5294707
26274131
20388615
1958091
3009055
3740017
26589929
2275505
25872937
10521630
4262227
2017805
1774231
26636115
6536291
3286407
1795576
2272240
26683286
1434302
1779829
26395045
26411382
2158156
25800201
1851769
26287879
1998825
3571532
3196667
25985099
26322646
3022209
1481065
1776117
26640840
2333693
26726950
26413270
26395044
1846052
2032952
26676348
3278774
6810845
20278827
4176552
2142542
3264733
1997515
1480854
6829656
4300597
1855170
5370353
25756363
2377605
7005156
1759781
1997612
1938451
5093420
2286848
2032996
3291471
21359629
2000173
1763310
2377627
2276827
2000177
3003250
5359995
1481066
26596220
2032937
2382776
3293642
2074653
3087445
11615928
3685953
3284292
25817533
2280482
4303645
20388305
2252763
2173166
2893943
3558684
1768286
20273942
3016697
5250582
2173149
7005129
2270388
3035726
26413268
3035724
2164850
20393799
25784272
6733293
21348942
24284842
1441055
25839708
26318038
6785072
2277407
20393791
3060438
26585600
25924944
5989624
2147617
3996953
10455650
2257206
1917154
1998277
3432846
25021649
3904342
2347132
1465410
24699449
2971501
1465384
5985940
10540106
4862215
10767544
1779940
3035727
2173104
4841240
2328451
6539425
1958089
2240646
6430803
4006274
3193288
26564638
2041877
3033956
10514860
10767552
20524761
2154025
4312206
1998615
25774047
4822853
26602244
26430092
26797632
25943173
26803835
1441794
2210001
20258941
24695611
25802736
4922787
26392671
26738092
26675616
3882715
26391976
26298756
3901388
1864810
3314870
4894070
24697826
19965220
25849012
26815153
26657015
25851665
26377690
2156663
2997325
1830528
26802975
2154096
26603847
2154859
2181930
5384548
2254648
1830590
26787145
3114220
25812420
4888230
26088457
20501094
3237723
2239292
26322643
3014183
26435736
2210031
1786742
2411184
1931974
1830575
21759697
6894818
4226460
21766654
26297251
26184588
3629206
2157130
4858790
26345152
2153480
1786739
2154390
26564642
3926132
26287804
26611039
25817053
2347485
21351469
2155290
25835480
2244363
2157146
25800263
26684708
3609075
26100709
3153641
3904560
25885442
26757997
2157156
10514844
2373267
2160565
2138507
2158486
2382364
2248757
1718150
1786740
26674023
1478168
10558441
2155164
10793510
2190914
25986654
26575848
6965622
25752412
1860377
3160834
2157131
2229576
1830586
2349361
26796680
2148374
4135704
2295891
2216379
3142715
26429781
2189642
26372971
2270545
4102978
26691760
26378692
6905182
4111333
25711530
25840705
26219597
26599625
2355581
25835485
10508912
2263277
4707205
26428938
5377708
26061405
2229479
2245679
25958839
26647032
10527210
2248550
2248529
11503638
2222629
2983271
24904361
26702289
19976810
2248526
26365503
26301569
2279825
3933008
4861422
4718246
1917796
2149791
2229482
2982064
2085721
11632590
1899616
7564975
26410673
24859459
2239286
2259815
2156754
24867835
5413765
6957739
26637891
25741644
26315292
2995948
5377114
26206769
26779274
25777370
5031441
20374428
2148367
5958582
3271273
10617176
2389241
2279817
26287121
6855115
2154743
4172516
26269656
11577139
20470058
3873960
26596216
4246437
6534101
26809098
25865536
2224813
3069864
2347271
2158647
1786743
7161723
1830591
25789398
3010220
3151809
26762755
10566582
2190973
1888063
2346994
2157239
1899125
6894265
26163266
2245704
2248707
6984046
26614081
3042142
20388190
2228525
3818607
26415259
2279839
2133474
5392061
10877418
26586732
6952623
26585909
21961912
2157132
2221708
3278993
2210241
25728507
2238727
6436752
2357303
2287919
26862255
3065440
24858430
26382698
25926752
6901036
2142656
26716996
3012751
25868187
3037336
25832721
2932856
2993072
2156727
2158699
26265147
3003187
5337560
2347276
26269515
3032443
21320347
5919553
5993188
6018955
7062604
25919408
25834469
26828025
2333675
2173190
4294119
25887289
3068186
25796146
25808103
3400593
5948592
2248530
3010197
2216383
3055467
2216439
25889555
25978319
2139329
26614137
19962576
26333136
3558794
25907101
25981052
2340752
2155226
2279822
25917744
2146034
20445146
2163206
2917743
2223042
25835481
26426730
4735188
26346934
25885443
4728873
25966185
6053337
26302520
25662618
24381632
2143839
6801448
5966971
3403199
2333726
3155474
5919539
3197004
25812232
7065177
3131843
4300569
25927993
3003226
3783963
25953526
21327728
25941052
2259857
24840530
4228538
2284424
4090606
25851664
2193492
3041548
26656801
2244569
3027099
25767569
2156655
19967792
26125671
2274433
26422345
22766027
2224890
25975253
3272192
25745767
2296027
2253598
6003256
2189634
2240659
3218531
2997304
2212651
2995902
3178657
3875047
11532592
2988866
21350566
10467760
2993081
4303597
2995904
11636298
25799487
2310145
4812777
2156743
2381059
26306777
26299388
25795309
26292926
11533287
4294292
2189638
2153523
4281591
2296657
25876735
2342687
6801428
2284416
2260830
2311211
10800202
4287133
3048085
2216393
25827882
2357367
5332635
2155187
1963192
10757209
24743024
3610751
4833540
2286153
5361537
3150341
3426921
2295788
26206968
10508923
25841076
2995108
2382920
4189639
2215897
3126974
2149104
22760623
10554942
10426995
10518901
3141504
5502693
25813392
2299645
4294080
2995127
4836996
4821037
4821039
3091047
26820704
2303265
7163794
3025211
3025213
3075964
2398939
3401244
3408337
2326161
24883232
3904598
2996623
2301064
4922822
2300197
2300194
4187633
2989736
6804365
2249449
10788821
25661528
25661522
6844900
10740269
25840401
24890253
2765450
2155300
2228626
2392291
3619080
3098951
3055383
3009054
1922656
2157188
2190929
1906453
1830581
3041493
5965670
2156698
2154862
2284418
2190926
3330144
3292384
2190925
2124746
26365472
2996855
2995158
3546595
4195676
2190934
2190931
24753689
25736075
2190928
2190963
3021640
4202127
2046853
2303112
2002924
2230669
6518754
2154781
2983434
2119419
2214169
1830577
11612512
2995166
26769620
2161882
3260481
11584390
3134607
5031426
20388226
6989741
1468032
26715475
26435709
26421478
26301576
2279941
25958857
3114226
2249632
2296999
25743036
1302832
3126972
19997946
2279833
26331094
3003419
1456473
3131854
2342578
2301059
19899700
2190972
3632529
11523461
6861588
2268654
2988208
3018463
2210047
2226087
2371837
3025281
25934590
2173169
11226080
2262099
3032433
2347251
26274184
5384532
2303714
3199148
4751123
25931749
2226505
3009077
2297165
3040027
2347474
25719350
2173152
24381190
2363854
3081155
2212683
2039242
3075962
2346788
6781990
2365072
6804368
1919302
2343690
3012776
2287762
2073614
2073615
3194169
3264263
2144500
2240665
3137720
19967861
2282470
2282471
2282478
3161598
2085035
11610945
3752271
2264206
3113376
2364989
2287747
2287749
2287748
2224112
19976836
3356340
3113586
3892397
2378588
2995780
3118115
3118110
25929403
5247088
3092103
2301025
6772958
2134784
2376439
2146020
1478186
3042353
2279912
3003195
10748082
3329961
2988192
3168649
5407095
3182493
2365076
3864306
2305334
7005131
1906413
2148820
2210250
25977215
2216948
2303777
3025331
3025152
3025151
3025150
2295757
24860334
1830582
1830587
4082427
2190927
1923416
1906433
6861637
1863945
2287274
5337535
3158775
2036995
3044825
2990072
2224199
2372021
2140064
3025170
25787908
2296675
2286181
2282511
2157226
1976171
2282468
2333709
5908503
5908504
1456471
1456472
3024161
2137069
2252747
2119420
3012371
3025376
6835282
1790860
3168181
2882454
2368623
3081531
2274902
11524484
2371862
2241057
3991944
2224146
2990292
1864543
2286180
3118861
6514124
3003248
2284428
2348524
2349344
1962832
25924026
2357350
2357355
5201947
2214279
3120912
3218529
20019486
25811034
2990316
2074039
2299648
2303263
2357370
2357375
3134597
26298046
4868705
3037159
3032505
3032857
3017190
25738774
25738771
20470093
3727341
3037173
2990223
3022047
26418062
26418061
3023317
2212270
3092013
2241523
23776287
2381089
2271910
2295821
3131787
4124395
3063819
3047964
1890369
3408344
6518753
26258079
1959788
2355575
1918931
5958623
20019400
3076678
4881649
6900127
2301460
6129645
4965444
3024044
2229463
4189694
6778674
1908459
3406768
3037342
1968578
1968571
3103003
2295819
2295810
2295811
3332549
3332541
3332540
3332543
3332542
3332545
3332544
3332547
3332546
3120220
4236836
2229446
4043774
2365084
3237811
3408531
3401001
4043691
2295783
2073623
3240791
2035178
2154765
25844867
2253577
3210979
2365068
25963332
2294258
1949521
1968618
1968614
2228611
3024610
2277411
2296089
10455637
25722162
3426894
3426893
3155478
5316754
3081149
2224240
3304013
1831581
2282469
3036628
5384573
2287774
3062886
3113597
2190990
3642291
3114227
21348760
7055736
10514817
10514818
10796577
2990222
2990221
2287750
2287751
4195565
4824995
25824632
3155473
2276967
6785082
2000220
3035782
2371997
2295809
2220816
3023296
3419000
4195601
4189360
2380963
2301035
2134777
2209739
5294283
2274880
2300246
2988842
4082304
2347277
2299706
2994976
6866815
3093284
3111366
2286012
2342561
11504650
2136078
5967270
3168650
2373361
3329893
3329895
2367860
2295767
3039805
2340820
2190935
2210246
4751653
1930616
4848097
25741350
2119417
2249610
3133990
2224160
3012426
3025145
2275028
10771218
25838967
1475579
2342526
2360853
19973423
19973422
2287866
2245491
3025300
2381076
2239955
2367826
2367820
3330145
3330143
3330142
4317070
2274932
3196780
3400999
2305363
6514125
26147112
3088392
2229555
4323571
3026983
2226078
2274916
3264307
5150624
6521843
2357343
2357341
3012309
3057467
2969550
4233903
1864551
3339375
10449583
3003373
1951081
2892682
2995068
3118855
3024281
1456485
1456487
26099908
20388233
2214268
26277363
3284269
1441053
26608268
26756876
5397537
1424406
26724115
1460915
4925398
25774052
25813424
10001418
3430169
6855097
5416070
1431615
6439459
25851655
26740223
24857860
1427980
4195678
26219198
1998799
26169716
5967223
4848701
25732103
24752306
26708200
25955381
26650051
6894811
1464448
2043155
26351401
4043821
26597755
26781687
26427106
26776912
26285156
26742718
1457573
26282460
25850705
24843604
26378801
1433342
26328122
26655965
26357796
26681533
26692622
25806507
26596140
5349275
26375693
1431683
4291876
10877415
1465037
3184594
1460932
3838279
26287119
26720633
5975373
2277181
3004532
4888015
6874729
10527294
26691515
1859043
10793475
25731203
25912261
26444858
26588671
1770547
1870117
2053598
4067827
1782006
1465035
2052059
20491392
26669291
26729329
26420704
11498785
10759936
5908516
2249531
1394510
6748086
10527275
26614134
3230813
1950601
26584086
2149802
1970134
3584929
4176576
26758347
2015069
23750688
25884576
25937990
25807372
25945110
24532162
1782004
2950496
26678832
22790508
2326676
4935090
26271872
1417233
25901415
3993290
1460947
21371652
2993424
3993682
10545923
26369643
2085545
3437176
26372270
26148830
10428482
4006470
4176578
4006490
11226094
24845107
3240828
1763896
1773834
3681349
10467755
26433132
2216301
2369599
11226092
1421721
1810517
1727200
1867420
5413796
26378107
1870116
26538787
1470189
6085356
4893988
25984031
5407066
25772493
1758491
23387071
1998268
3199457
25885783
1794082
1998868
10581328
25849496
3035147
5446211
3818822
26087257
2032236
26818933
3206620
4043764
1512037
1474243
26639179
2036289
1777361
25897310
25861696
25853697
1946839
2295986
26653375
2154314
26330440
20438714
23691946
3290474
3893384
4089438
1481830
3251306
1439831
6518736
1465792
2224505
1507798
1940329
26727250
4191745
2032822
1926352
25831658
25861694
4848114
26163258
24851387
1756889
1766792
2330863
1305387
4016477
25923554
1459767
5316829
26235189
2149193
25899386
25846907
25815602
1760828
25922883
26644116
4195628
25881536
3023169
1892335
1472130
10604246
3199466
4019449
6026035
1950888
3200195
20514713
25850625
3193101
21348026
11615886
26235191
26630533
26290080
3024826
24883272
3060968
1940794
20472708
25851657
25823118
1465036
26087258
25972406
24748787
1980737
7161694
3868335
6048756
26653326
26765297
1799209
24381366
10531243
5954076
1870140
3804469
3872366
3142767
23749724
1684322
4195667
1867421
1845639
1766556
4845425
20378778
1866873
1980740
25716109
1766546
3199456
5985869
3543940
6844863
4202196
6080750
26271871
2057166
11624690
26637870
1860565
2017626
2076924
24532217
4174469
26282457
3578781
2077448
3843438
26662234
2309838
3136371
3199454
1818263
26329050
2029939
2275496
26697682
26375691
3804477
25918690
1919886
4920563
6425082
23090008
6869375
26615509
1468983
1850464
2373457
24719130
26436430
1766681
24534417
2059456
3035537
10455655
10788826
25876767
25774763
5413681
1760835
4848113
1826462
1766522
21323283
1766697
25825458
20471103
1765748
10763906
2378589
25849494
1918445
1918696
2340969
26611052
1472128
1794793
1858192
1463762
1456204
22718154
1472127
2059529
5374408
23066447
1951400
25911592
21871151
25862942
3623693
26724850
2330876
3017553
10554914
1465786
26685341
11442715
25808251
6058418
11498786
26438819
25827949
2082209
20285251
4728562
1460911
1483203
3538051
4324852
3074561
1857662
3279562
10801894
4195730
2309883
2059443
1729194
1465023
1757610
25905761
5031866
1760628
10577733
1766580
1998238
26328123
1651925
19962708
4043758
2336957
2295996
3437183
3681454
11533207
26323275
26386464
21355955
2303739
3240843
2270261
2376483
26287113
2295759
24721384
5967232
5387002
25851662
10864705
26333030
2043493
5115718
5268634
26612335
1827339
3400768
25945114
10549231
5962272
26660840
10458685
4241891
5967021
25844403
1764472
1827337
2155104
10569143
26660836
10569609
1770834
1472125
1876319
5407057
5989843
2044245
26639176
3035532
5300064
19931451
2154468
6515655
1962820
26582817
2347142
1940510
4258484
6534054
26087256
10573488
3284266
4237132
2279797
2279899
1770005
23406602
11625206
10577718
19899703
25777551
6785103
